0.015005350112915039
0.0021774768829345703
0.015670299530029297
0.0158388614654541
0.021755218505859375
0.009739398956298828
0.015671730041503906
0.01563096046447754
0.0
0.015615463256835938
0.015619993209838867
0.018080711364746094
0.014672040939331055
0.014800310134887695
0.0157163143157959
0.01567983627319336
0.0
0.015628576278686523
0.015622615814208984
0.01767873764038086
0.014053583145141602
0.01567983627319336
0.0017545223236083984
0.027008056640625
0.002577543258666992
0.027022123336791992
0.012230157852172852
0.013503074645996094
0.01568150520324707
0.0
0.015613555908203125
0.015638351440429688
0.01561737060546875
0.024228811264038086
0.01424407958984375
0.013957500457763672
0.0032677650451660156
0.01566624641418457
0.015633821487426758
0.015577554702758789
0.016035079956054688
0.016051769256591797
0.0
0.026280641555786133
0.0157015323638916
0.01563405990600586
0.01557469367980957
0.0014758110046386719
0.015006542205810547
0.015659332275390625
0.015593767166137695
0.015622615814208984
0.016057968139648438
0.015628576278686523
0.01647472381591797
0.005487680435180664
0.026692867279052734
0.009961843490600586
0.017984628677368164
0.014995336532592773
0.01341390609741211
0.014012813568115234
0.015956878662109375
0.015014171600341797
0.014050960540771484
0.010215997695922852
0.015665531158447266
0.015582561492919922
0.016106367111206055
0.015947341918945312
0.016812562942504883
0.014996528625488281
0.013963460922241211
0.007009267807006836
0.01568460464477539
0.016108036041259766
0.015628337860107422
0.022433996200561523
0.014948368072509766
0.015944480895996094
0.017014741897583008
0.019618988037109375
0.016921281814575195
0.016973018646240234
0.016874313354492188
0.017497777938842773
0.016949892044067383
0.01755237579345703
0.015993595123291016
0.015935182571411133
0.014976263046264648
0.014935731887817383
0.015048503875732422
0.01480245590209961
0.013939142227172852
0.01392054557800293
0.0028204917907714844
0.027559518814086914
0.014818429946899414
0.015177726745605469
