0.004038572311401367
0.0040013790130615234
0.0049669742584228516
0.005982637405395508
0.004264116287231445
0.00389862060546875
0.003953218460083008
0.004358053207397461
0.003992795944213867
0.003983736038208008
0.004987955093383789
0.00398707389831543
0.002998828887939453
0.003976345062255859
0.004499673843383789
0.0039865970611572266
0.0039861202239990234
0.003985881805419922
0.0049860477447509766
0.004981040954589844
0.0039861202239990234
0.004688739776611328
0.005981922149658203
0.0039844512939453125
0.002989530563354492
0.004355430603027344
0.004019021987915039
0.003520488739013672
0.0042574405670166016
0.00498199462890625
0.005016326904296875
0.0039615631103515625
0.0029947757720947266
0.005984067916870117
0.004006147384643555
0.003996133804321289
0.004556894302368164
0.0049402713775634766
0.00398564338684082
0.0039861202239990234
0.004315853118896484
0.003999233245849609
0.0037381649017333984
0.003987789154052734
0.0059773921966552734
0.0039997100830078125
0.003831148147583008
0.003985166549682617
0.003949642181396484
0.003022909164428711
0.0029904842376708984
0.0029878616333007812
0.003987789154052734
0.0059778690338134766
0.0039882659912109375
0.003986358642578125
0.00490117073059082
0.004060029983520508
0.0029299259185791016
0.0045664310455322266
0.004954099655151367
0.003188610076904297
0.0029926300048828125
0.004984378814697266
0.004014492034912109
0.003962278366088867
0.003983497619628906
0.004995584487915039
0.0046539306640625
0.0040094852447509766
0.002986907958984375
0.004984378814697266
0.002989530563354492
0.004021406173706055
0.0029516220092773438
0.003031492233276367
0.005091428756713867
0.004030942916870117
0.0029854774475097656
0.0039861202239990234
0.004012584686279297
0.004040956497192383
0.0033075809478759766
0.0033164024353027344
0.004625558853149414
0.0034999847412109375
0.0029914379119873047
0.0030355453491210938
0.005934238433837891
0.005015134811401367
0.003955364227294922
0.0029878616333007812
0.0039899349212646484
0.004980564117431641
0.005040645599365234
0.0299069881439209
0.003977060317993164
0.005991697311401367
0.003994464874267578
0.0031957626342773438
