0.0029861927032470703
0.0029921531677246094
0.0035622119903564453
0.003019571304321289
0.003988504409790039
0.003995180130004883
0.003931999206542969
0.003062725067138672
0.004553079605102539
0.0032181739807128906
0.0036797523498535156
0.0030279159545898438
0.003984928131103516
0.0229341983795166
0.0039751529693603516
0.0036132335662841797
0.00611114501953125
0.0032546520233154297
0.003123044967651367
0.005492210388183594
0.006001949310302734
0.0032393932342529297
0.00399017333984375
0.0032460689544677734
0.0054891109466552734
0.003328561782836914
0.0020635128021240234
0.0030913352966308594
0.0030667781829833984
0.004139900207519531
0.0033829212188720703
0.003043651580810547
0.002031087875366211
0.002889394760131836
0.0049898624420166016
0.0031280517578125
0.003014802932739258
0.0019931793212890625
0.005985736846923828
0.0029609203338623047
0.0029876232147216797
0.001991748809814453
0.0019958019256591797
0.003999233245849609
0.0039751529693603516
0.0031998157501220703
0.0025489330291748047
0.002004861831665039
0.004980325698852539
0.003998517990112305
0.002989053726196289
0.002993345260620117
0.0020263195037841797
0.0053598880767822266
0.0029921531677246094
0.0029969215393066406
0.0029833316802978516
0.002987384796142578
0.00399327278137207
0.001998424530029297
0.002099275588989258
0.0020384788513183594
0.0031676292419433594
0.0042269229888916016
0.0039424896240234375
0.0022096633911132812
0.0020177364349365234
0.0021467208862304688
0.005150318145751953
0.0033762454986572266
0.0031557083129882812
0.003095388412475586
0.0030548572540283203
0.004433631896972656
0.003225088119506836
0.0026416778564453125
0.0025086402893066406
0.0019965171813964844
0.003988742828369141
0.0020036697387695312
0.0029752254486083984
0.003986358642578125
0.002006053924560547
0.0049822330474853516
0.003977537155151367
0.0030722618103027344
0.0029883384704589844
0.002990245819091797
0.003985404968261719
0.00399017333984375
0.002988100051879883
0.001992464065551758
0.003986835479736328
0.003984689712524414
0.0025441646575927734
0.002023935317993164
0.0023179054260253906
0.0021152496337890625
0.004502773284912109
0.002140522003173828
