0.0148162841796875
0.014830589294433594
0.015303850173950195
0.015755176544189453
0.015159130096435547
0.016974210739135742
0.014786243438720703
0.014004945755004883
0.013911247253417969
0.01401662826538086
0.0
0.02078413963317871
0.011058330535888672
0.015666961669921875
0.015625953674316406
0.015633821487426758
0.015611410140991211
0.0
0.026676416397094727
0.005045890808105469
0.01562643051147461
0.015623092651367188
0.015623092651367188
0.025397062301635742
0.020104408264160156
0.017164230346679688
0.017535686492919922
0.020623445510864258
0.020323514938354492
0.017901182174682617
0.01747417449951172
0.018937110900878906
0.016002416610717773
0.01789093017578125
0.01693892478942871
0.01929616928100586
0.017546415328979492
0.017991304397583008
0.01892685890197754
0.017940998077392578
0.018026113510131836
0.01646900177001953
0.01987457275390625
0.01793813705444336
0.017939329147338867
0.018936872482299805
0.017891883850097656
0.01820850372314453
0.01707291603088379
0.020245790481567383
0.016013145446777344
0.01800537109375
0.015888452529907227
0.017940282821655273
0.015996932983398438
0.014966011047363281
0.013952255249023438
0.017002344131469727
0.014460086822509766
0.012954950332641602
0.014952421188354492
0.014999628067016602
0.015944957733154297
0.015008926391601562
0.016990184783935547
0.015534639358520508
0.014933109283447266
0.01797199249267578
0.016416311264038086
0.015196084976196289
0.01604437828063965
0.016820907592773438
0.016910552978515625
0.015982627868652344
0.014924287796020508
0.015883445739746094
0.014952898025512695
0.01546478271484375
0.01595592498779297
0.01494455337524414
0.01501011848449707
0.020926713943481445
0.018993377685546875
0.01674032211303711
0.017323732376098633
0.018316268920898438
0.018142223358154297
0.016943931579589844
0.019148826599121094
0.018494606018066406
0.017984867095947266
0.014905214309692383
0.016942739486694336
0.01694035530090332
0.016012191772460938
0.01706528663635254
0.01702427864074707
0.020290613174438477
0.015939950942993164
0.021039962768554688
